IT_10.txt : 0.018115942028985508 0.07246376811594203 0.018115942028985508 0.018115942028985508 0.018115942028985508 0.028985507246376815 0.03985507246376812 0.13768115942028986 0.018115942028985508 0.018115942028985508 0.028985507246376815 0.018115942028985508 0.018115942028985508 0.050724637681159424 0.028985507246376815 0.018115942028985508 0.018115942028985508 0.018115942028985508 0.018115942028985508 0.07246376811594203 0.018115942028985508 0.018115942028985508 0.018115942028985508 0.018115942028985508 0.028985507246376815 0.028985507246376815 0.028985507246376815 0.03985507246376812 0.018115942028985508 0.10507246376811594 
IT_100.txt : 0.010893246187363835 0.010893246187363835 0.010893246187363835 0.06971677559912853 0.010893246187363835 0.010893246187363835 0.010893246187363835 0.017429193899782137 0.010893246187363835 0.010893246187363835 0.017429193899782137 0.017429193899782137 0.010893246187363835 0.25272331154684097 0.010893246187363835 0.010893246187363835 0.030501089324618737 0.010893246187363835 0.017429193899782137 0.017429193899782137 0.06318082788671024 0.010893246187363835 0.010893246187363835 0.010893246187363835 0.017429193899782137 0.010893246187363835 0.017429193899782137 0.010893246187363835 0.017429193899782137 0.25925925925925924 
IT_1000.txt : 0.012519561815336465 0.02190923317683881 0.012519561815336465 0.02190923317683881 0.03599374021909233 0.03129890453834116 0.026604068857589987 0.14397496087636932 0.00782472613458529 0.00782472613458529 0.00782472613458529 0.026604068857589987 0.03599374021909233 0.03599374021909233 0.05007824726134585 0.00782472613458529 0.012519561815336465 0.02190923317683881 0.00782472613458529 0.026604068857589987 0.00782472613458529 0.0406885758998435 0.012519561815336465 0.02190923317683881 0.2003129890453834 0.01721439749608764 0.00782472613458529 0.00782472613458529 0.026604068857589987 0.10172143974960877 
IT_1010.txt : 0.006016847172081829 0.049338146811070994 0.013237063778580025 0.07821901323706379 0.006016847172081829 0.006016847172081829 0.009626955475330927 0.03128760529482551 0.009626955475330927 0.006016847172081829 0.006016847172081829 0.016847172081829124 0.009626955475330927 0.31287605294825516 0.009626955475330927 0.02045728038507822 0.006016847172081829 0.006016847172081829 0.009626955475330927 0.03489771359807461 0.08182912154031288 0.006016847172081829 0.013237063778580025 0.009626955475330927 0.006016847172081829 0.006016847172081829 0.006016847172081829 0.006016847172081829 0.006016847172081829 0.21179302045728038 
IT_1020.txt : 0.010615711252653929 0.22080679405520168 0.010615711252653929 0.010615711252653929 0.010615711252653929 0.010615711252653929 0.016985138004246288 0.0870488322717622 0.016985138004246288 0.010615711252653929 0.010615711252653929 0.010615711252653929 0.010615711252653929 0.061571125265392775 0.016985138004246288 0.016985138004246288 0.029723991507430998 0.010615711252653929 0.010615711252653929 0.016985138004246288 0.010615711252653929 0.06794055201698514 0.023354564755838643 0.010615711252653929 0.036093418259023353 0.010615711252653929 0.010615711252653929 0.042462845010615716 0.016985138004246288 0.16985138004246286 
IT_1030.txt : 0.011737089201877935 0.018779342723004695 0.03286384976525822 0.011737089201877935 0.06807511737089202 0.025821596244131457 0.011737089201877935 0.03286384976525822 0.03990610328638498 0.018779342723004695 0.03990610328638498 0.025821596244131457 0.011737089201877935 0.025821596244131457 0.011737089201877935 0.03990610328638498 0.011737089201877935 0.018779342723004695 0.018779342723004695 0.025821596244131457 0.018779342723004695 0.025821596244131457 0.011737089201877935 0.011737089201877935 0.04694835680751174 0.011737089201877935 0.0892018779342723 0.018779342723004695 0.2300469483568075 0.03286384976525822 
IT_1040.txt : 0.015151515151515152 0.024242424242424246 0.05151515151515152 0.015151515151515152 0.03333333333333333 0.024242424242424246 0.05151515151515152 0.05151515151515152 0.015151515151515152 0.015151515151515152 0.024242424242424246 0.015151515151515152 0.015151515151515152 0.09696969696969697 0.015151515151515152 0.015151515151515152 0.024242424242424246 0.04242424242424243 0.015151515151515152 0.05151515151515152 0.015151515151515152 0.024242424242424246 0.03333333333333333 0.024242424242424246 0.05151515151515152 0.015151515151515152 0.015151515151515152 0.015151515151515152 0.05151515151515152 0.14242424242424243 
IT_1050.txt : 0.009523809523809525 0.01523809523809524 0.01523809523809524 0.01523809523809524 0.01523809523809524 0.032380952380952385 0.020952380952380955 0.19809523809523807 0.01523809523809524 0.009523809523809525 0.01523809523809524 0.11238095238095239 0.009523809523809525 0.01523809523809524 0.009523809523809525 0.009523809523809525 0.032380952380952385 0.009523809523809525 0.032380952380952385 0.009523809523809525 0.01523809523809524 0.1180952380952381 0.020952380952380955 0.009523809523809525 0.08952380952380952 0.009523809523809525 0.009523809523809525 0.0380952380952381 0.01523809523809524 0.07238095238095238 
IT_1060.txt : 0.013123359580052493 0.020997375328083993 0.013123359580052493 0.02887139107611549 0.020997375328083993 0.013123359580052493 0.02887139107611549 0.02887139107611549 0.013123359580052493 0.013123359580052493 0.013123359580052493 0.013123359580052493 0.013123359580052493 0.3359580052493438 0.013123359580052493 0.013123359580052493 0.03674540682414698 0.013123359580052493 0.013123359580052493 0.06824146981627296 0.020997375328083993 0.013123359580052493 0.013123359580052493 0.013123359580052493 0.013123359580052493 0.020997375328083993 0.013123359580052493 0.02887139107611549 0.013123359580052493 0.12335958005249344 
IT_1070.txt : 0.009689922480620155 0.09689922480620156 0.009689922480620155 0.009689922480620155 0.009689922480620155 0.021317829457364344 0.009689922480620155 0.03294573643410853 0.01550387596899225 0.009689922480620155 0.009689922480620155 0.009689922480620155 0.009689922480620155 0.28875968992248063 0.009689922480620155 0.009689922480620155 0.07364341085271317 0.009689922480620155 0.009689922480620155 0.044573643410852716 0.03875968992248062 0.027131782945736437 0.009689922480620155 0.027131782945736437 0.009689922480620155 0.009689922480620155 0.01550387596899225 0.027131782945736437 0.021317829457364344 0.11434108527131784 
IT_1080.txt : 0.01234567901234568 0.027160493827160497 0.01975308641975309 0.04197530864197531 0.01234567901234568 0.01975308641975309 0.01234567901234568 0.08641975308641975 0.01975308641975309 0.01234567901234568 0.04197530864197531 0.01975308641975309 0.01975308641975309 0.10864197530864197 0.01234567901234568 0.01234567901234568 0.07160493827160494 0.01975308641975309 0.01234567901234568 0.01975308641975309 0.01234567901234568 0.01234567901234568 0.01234567901234568 0.01234567901234568 0.027160493827160497 0.01234567901234568 0.01234567901234568 0.09382716049382715 0.01975308641975309 0.18271604938271604 
IT_1090.txt : 0.011261261261261262 0.04504504504504505 0.03828828828828829 0.04504504504504505 0.011261261261261262 0.031531531531531536 0.031531531531531536 0.1463963963963964 0.011261261261261262 0.011261261261261262 0.02477477477477478 0.01801801801801802 0.011261261261261262 0.03828828828828829 0.04504504504504505 0.011261261261261262 0.05855855855855856 0.011261261261261262 0.011261261261261262 0.04504504504504505 0.011261261261261262 0.07207207207207207 0.02477477477477478 0.03828828828828829 0.02477477477477478 0.011261261261261262 0.011261261261261262 0.01801801801801802 0.011261261261261262 0.11936936936936937 
IT_110.txt : 0.020952380952380955 0.09523809523809525 0.0380952380952381 0.009523809523809525 0.01523809523809524 0.01523809523809524 0.02666666666666667 0.18666666666666665 0.01523809523809524 0.009523809523809525 0.01523809523809524 0.02666666666666667 0.01523809523809524 0.04952380952380952 0.01523809523809524 0.009523809523809525 0.020952380952380955 0.009523809523809525 0.04952380952380952 0.14095238095238097 0.009523809523809525 0.01523809523809524 0.009523809523809525 0.01523809523809524 0.020952380952380955 0.009523809523809525 0.02666666666666667 0.02666666666666667 0.032380952380952385 0.04952380952380952 
IT_1100.txt : 0.011714589989350373 0.04046858359957401 0.005324813631522897 0.034078807241746535 0.04366347177848775 0.01810436634717785 0.008519701810436636 0.19382321618743342 0.034078807241746535 0.005324813631522897 0.011714589989350373 0.005324813631522897 0.008519701810436636 0.03727369542066027 0.030883919062832797 0.014909478168264111 0.024494142705005325 0.01810436634717785 0.030883919062832797 0.008519701810436636 0.021299254526091587 0.005324813631522897 0.02768903088391906 0.03727369542066027 0.014909478168264111 0.005324813631522897 0.02768903088391906 0.011714589989350373 0.011714589989350373 0.25133120340788073 
IT_1110.txt : 0.012557077625570777 0.022831050228310504 0.022831050228310504 0.01940639269406393 0.009132420091324202 0.009132420091324202 0.015981735159817354 0.31050228310502287 0.01940639269406393 0.012557077625570777 0.012557077625570777 0.01940639269406393 0.005707762557077626 0.05365296803652968 0.005707762557077626 0.005707762557077626 0.08105022831050229 0.009132420091324202 0.015981735159817354 0.012557077625570777 0.012557077625570777 0.01940639269406393 0.005707762557077626 0.01940639269406393 0.009132420091324202 0.005707762557077626 0.01940639269406393 0.022831050228310504 0.009132420091324202 0.2009132420091324 
IT_1120.txt : 0.014619883040935673 0.023391812865497078 0.014619883040935673 0.014619883040935673 0.023391812865497078 0.014619883040935673 0.014619883040935673 0.04093567251461989 0.014619883040935673 0.014619883040935673 0.014619883040935673 0.014619883040935673 0.014619883040935673 0.2777777777777778 0.014619883040935673 0.014619883040935673 0.07602339181286549 0.014619883040935673 0.014619883040935673 0.04093567251461989 0.032163742690058485 0.014619883040935673 0.023391812865497078 0.032163742690058485 0.014619883040935673 0.014619883040935673 0.014619883040935673 0.023391812865497078 0.014619883040935673 0.1286549707602339 
IT_1130.txt : 0.00931098696461825 0.02048417132216015 0.00931098696461825 0.014897579143389201 0.00931098696461825 0.014897579143389201 0.0260707635009311 0.18249534450651766 0.00931098696461825 0.03165735567970205 0.02048417132216015 0.014897579143389201 0.014897579143389201 0.07635009310986965 0.00931098696461825 0.00931098696461825 0.03165735567970205 0.014897579143389201 0.014897579143389201 0.014897579143389201 0.02048417132216015 0.02048417132216015 0.00931098696461825 0.037243947858473 0.00931098696461825 0.00931098696461825 0.02048417132216015 0.014897579143389201 0.03165735567970205 0.2774674115456238 
IT_1140.txt : 0.0358974358974359 0.020512820512820516 0.020512820512820516 0.07435897435897436 0.0358974358974359 0.012820512820512822 0.012820512820512822 0.0358974358974359 0.02820512820512821 0.012820512820512822 0.012820512820512822 0.012820512820512822 0.012820512820512822 0.012820512820512822 0.158974358974359 0.08974358974358974 0.0358974358974359 0.012820512820512822 0.020512820512820516 0.012820512820512822 0.08974358974358974 0.012820512820512822 0.02820512820512821 0.020512820512820516 0.012820512820512822 0.012820512820512822 0.02820512820512821 0.012820512820512822 0.012820512820512822 0.09743589743589744 
IT_1150.txt : 0.0060307017543859654 0.0060307017543859654 0.05372807017543859 0.01425438596491228 0.0060307017543859654 0.03728070175438597 0.08662280701754385 0.004385964912280702 0.01918859649122807 0.0356359649122807 0.23464912280701752 0.05372807017543859 0.02412280701754386 0.004385964912280702 0.009320175438596492 0.004385964912280702 0.012609649122807019 0.01589912280701754 0.002741228070175439 0.0356359649122807 0.002741228070175439 0.017543859649122806 0.02412280701754386 0.052083333333333336 0.1392543859649123 0.010964912280701756 0.0060307017543859654 0.04550438596491228 0.03234649122807018 0.002741228070175439 
IT_1160.txt : 0.010040160642570281 0.09437751004016064 0.016064257028112452 0.016064257028112452 0.010040160642570281 0.010040160642570281 0.02208835341365462 0.05220883534136546 0.07028112449799197 0.010040160642570281 0.010040160642570281 0.0823293172690763 0.016064257028112452 0.010040160642570281 0.04618473895582329 0.010040160642570281 0.11847389558232932 0.0642570281124498 0.0823293172690763 0.016064257028112452 0.010040160642570281 0.02811244979919679 0.03413654618473896 0.02208835341365462 0.016064257028112452 0.010040160642570281 0.016064257028112452 0.010040160642570281 0.02208835341365462 0.0642570281124498 
IT_1170.txt : 0.011904761904761906 0.05476190476190476 0.011904761904761906 0.03333333333333333 0.011904761904761906 0.02619047619047619 0.02619047619047619 0.01904761904761905 0.011904761904761906 0.011904761904761906 0.01904761904761905 0.01904761904761905 0.011904761904761906 0.1261904761904762 0.04047619047619048 0.02619047619047619 0.01904761904761905 0.03333333333333333 0.011904761904761906 0.02619047619047619 0.01904761904761905 0.011904761904761906 0.011904761904761906 0.011904761904761906 0.011904761904761906 0.011904761904761906 0.011904761904761906 0.011904761904761906 0.011904761904761906 0.3333333333333333 
IT_1180.txt : 0.010796221322537113 0.19298245614035087 0.006747638326585695 0.01484480431848853 0.006747638326585695 0.006747638326585695 0.006747638326585695 0.09986504723346828 0.07557354925775979 0.010796221322537113 0.006747638326585695 0.04723346828609986 0.006747638326585695 0.0310391363022942 0.0310391363022942 0.022941970310391364 0.13630229419703102 0.02699055330634278 0.022941970310391364 0.0310391363022942 0.018893387314439947 0.01484480431848853 0.006747638326585695 0.006747638326585695 0.006747638326585695 0.006747638326585695 0.010796221322537113 0.006747638326585695 0.010796221322537113 0.11605937921727395 
IT_1190.txt : 0.014260249554367202 0.014260249554367202 0.008912655971479501 0.019607843137254905 0.035650623885918005 0.030303030303030304 0.2121212121212121 0.1265597147950089 0.014260249554367202 0.008912655971479501 0.014260249554367202 0.008912655971479501 0.030303030303030304 0.014260249554367202 0.014260249554367202 0.008912655971479501 0.014260249554367202 0.024955436720142603 0.024955436720142603 0.024955436720142603 0.008912655971479501 0.11586452762923352 0.014260249554367202 0.024955436720142603 0.035650623885918005 0.008912655971479501 0.024955436720142603 0.024955436720142603 0.030303030303030304 0.0463458110516934 
IT_120.txt : 0.01373283395755306 0.02122347066167291 0.039950062421972535 0.02122347066167291 0.01373283395755306 0.006242197253433209 0.006242197253433209 0.2833957553058677 0.043695380774032455 0.006242197253433209 0.006242197253433209 0.01373283395755306 0.01373283395755306 0.01373283395755306 0.006242197253433209 0.02122347066167291 0.05867665418227216 0.01373283395755306 0.02122347066167291 0.009987515605493135 0.006242197253433209 0.03620474406991261 0.02122347066167291 0.15230961298377027 0.02871410736579276 0.006242197253433209 0.024968789013732836 0.02122347066167291 0.006242197253433209 0.06242197253433209 
IT_1200.txt : 0.008250825082508252 0.018151815181518153 0.037953795379537955 0.028052805280528056 0.023102310231023104 0.008250825082508252 0.008250825082508252 0.06765676567656766 0.018151815181518153 0.018151815181518153 0.013201320132013203 0.07755775577557755 0.008250825082508252 0.09735973597359737 0.023102310231023104 0.008250825082508252 0.08745874587458746 0.008250825082508252 0.023102310231023104 0.0429042904290429 0.008250825082508252 0.018151815181518153 0.013201320132013203 0.037953795379537955 0.008250825082508252 0.06765676567656766 0.11716171617161716 0.023102310231023104 0.013201320132013203 0.06765676567656766 
IT_1210.txt : 0.00925925925925926 0.04713804713804714 0.03956228956228956 0.01430976430976431 0.006734006734006735 0.011784511784511785 0.00925925925925926 0.01430976430976431 0.08754208754208753 0.011784511784511785 0.3249158249158249 0.004208754208754209 0.00925925925925926 0.00925925925925926 0.011784511784511785 0.006734006734006735 0.011784511784511785 0.04713804713804714 0.006734006734006735 0.011784511784511785 0.019360269360269362 0.02946127946127946 0.11784511784511784 0.026936026936026935 0.04461279461279462 0.011784511784511785 0.004208754208754209 0.026936026936026935 0.004208754208754209 0.019360269360269362 
IT_1220.txt : 0.03397027600849257 0.011677282377919321 0.02760084925690021 0.06581740976645435 0.0053078556263269645 0.0053078556263269645 0.011677282377919321 0.014861995753715499 0.2505307855626327 0.0053078556263269645 0.008492569002123144 0.014861995753715499 0.0053078556263269645 0.011677282377919321 0.018046709129511677 0.011677282377919321 0.008492569002123144 0.1167728237791932 0.018046709129511677 0.011677282377919321 0.021231422505307858 0.08174097664543525 0.024416135881104035 0.0053078556263269645 0.10084925690021232 0.008492569002123144 0.024416135881104035 0.008492569002123144 0.03397027600849257 0.03397027600849257 
IT_1230.txt : 0.007473841554559044 0.05680119581464873 0.05680119581464873 0.029895366218236175 0.011958146487294471 0.016442451420029897 0.011958146487294471 0.08819133034379671 0.02092675635276532 0.22720478325859492 0.034379671150971604 0.02092675635276532 0.011958146487294471 0.016442451420029897 0.007473841554559044 0.007473841554559044 0.04334828101644245 0.007473841554559044 0.007473841554559044 0.052316890881913304 0.016442451420029897 0.02541106128550075 0.011958146487294471 0.06576980568011957 0.052316890881913304 0.011958146487294471 0.007473841554559044 0.011958146487294471 0.007473841554559044 0.052316890881913304 
IT_1240.txt : 0.002158894645941278 0.09153713298791019 0.012521588946459413 0.011226252158894645 0.015112262521588945 0.008635578583765112 0.006044905008635579 0.30526770293609673 0.013816925734024179 0.01640759930915371 0.06433506044905009 0.011226252158894645 0.00993091537132988 0.05008635578583765 0.004749568221070812 0.012521588946459413 0.03065630397236615 0.002158894645941278 0.006044905008635579 0.006044905008635579 0.006044905008635579 0.020293609671848012 0.07858376511226252 0.024179620034542316 0.02677029360967185 0.008635578583765112 0.002158894645941278 0.01640759930915371 0.01640759930915371 0.12003454231433507 
IT_1250.txt : 0.00935374149659864 0.06802721088435375 0.16496598639455784 0.0195578231292517 0.02465986394557823 0.011904761904761906 0.004251700680272109 0.022108843537414963 0.03741496598639456 0.04761904761904762 0.027210884353741496 0.01445578231292517 0.011904761904761906 0.0195578231292517 0.0195578231292517 0.006802721088435375 0.14965986394557823 0.06292517006802721 0.004251700680272109 0.004251700680272109 0.00935374149659864 0.027210884353741496 0.004251700680272109 0.011904761904761906 0.13945578231292516 0.017006802721088437 0.011904761904761906 0.022108843537414963 0.01445578231292517 0.011904761904761906 
IT_1260.txt : 0.007610350076103501 0.0350076103500761 0.012176560121765602 0.0578386605783866 0.007610350076103501 0.007610350076103501 0.12176560121765602 0.0669710806697108 0.0532724505327245 0.007610350076103501 0.016742770167427704 0.0532724505327245 0.012176560121765602 0.0669710806697108 0.0395738203957382 0.016742770167427704 0.016742770167427704 0.0487062404870624 0.025875190258751905 0.09893455098934552 0.016742770167427704 0.016742770167427704 0.016742770167427704 0.016742770167427704 0.012176560121765602 0.021308980213089804 0.007610350076103501 0.012176560121765602 0.025875190258751905 0.08066971080669712 
IT_1270.txt : 0.01870748299319728 0.02891156462585034 0.01870748299319728 0.008503401360544218 0.01870748299319728 0.01870748299319728 0.05952380952380952 0.1207482993197279 0.01360544217687075 0.01870748299319728 0.008503401360544218 0.008503401360544218 0.02380952380952381 0.08503401360544219 0.01360544217687075 0.01870748299319728 0.1564625850340136 0.05442176870748299 0.008503401360544218 0.02891156462585034 0.008503401360544218 0.01360544217687075 0.1054421768707483 0.02891156462585034 0.01870748299319728 0.02380952380952381 0.008503401360544218 0.008503401360544218 0.01360544217687075 0.0391156462585034 
IT_1280.txt : 0.019216555801921654 0.010347376201034738 0.014781966001478197 0.016999260901699925 0.025868440502586843 0.023651145602365115 0.012564671101256468 0.19216555801921656 0.03695491500369549 0.008130081300813009 0.0059127864005912795 0.010347376201034738 0.012564671101256468 0.008130081300813009 0.0059127864005912795 0.0059127864005912795 0.1056910569105691 0.045824094604582415 0.010347376201034738 0.008130081300813009 0.0303030303030303 0.019216555801921654 0.008130081300813009 0.003695491500369549 0.0059127864005912795 0.008130081300813009 0.17886178861788618 0.012564671101256468 0.0059127864005912795 0.14781966001478197 
IT_1290.txt : 0.018912529550827426 0.054373522458628844 0.018912529550827426 0.018912529550827426 0.01182033096926714 0.08983451536643025 0.01182033096926714 0.054373522458628844 0.03309692671394799 0.02600472813238771 0.018912529550827426 0.03309692671394799 0.01182033096926714 0.02600472813238771 0.01182033096926714 0.02600472813238771 0.061465721040189124 0.01182033096926714 0.02600472813238771 0.01182033096926714 0.01182033096926714 0.04728132387706856 0.10401891252955082 0.03309692671394799 0.02600472813238771 0.018912529550827426 0.01182033096926714 0.018912529550827426 0.01182033096926714 0.13947990543735225 
IT_130.txt : 0.010615711252653929 0.010615711252653929 0.010615711252653929 0.023354564755838643 0.016985138004246288 0.010615711252653929 0.036093418259023353 0.023354564755838643 0.010615711252653929 0.010615711252653929 0.010615711252653929 0.010615711252653929 0.010615711252653929 0.3481953290870488 0.010615711252653929 0.010615711252653929 0.04883227176220807 0.016985138004246288 0.010615711252653929 0.029723991507430998 0.016985138004246288 0.029723991507430998 0.016985138004246288 0.010615711252653929 0.010615711252653929 0.023354564755838643 0.010615711252653929 0.016985138004246288 0.010615711252653929 0.18259023354564757 
IT_1300.txt : 0.042194092827004225 0.11181434599156119 0.01687763713080169 0.029535864978902957 0.010548523206751056 0.01687763713080169 0.010548523206751056 0.13713080168776373 0.029535864978902957 0.010548523206751056 0.01687763713080169 0.010548523206751056 0.010548523206751056 0.05485232067510548 0.01687763713080169 0.023206751054852322 0.07383966244725738 0.010548523206751056 0.029535864978902957 0.08016877637130801 0.010548523206751056 0.01687763713080169 0.029535864978902957 0.01687763713080169 0.035864978902953586 0.01687763713080169 0.010548523206751056 0.010548523206751056 0.023206751054852322 0.08649789029535865 
IT_1310.txt : 0.0015360983102918587 0.01259600614439324 0.03840245775729646 0.00706605222734255 0.013517665130568356 0.006144393241167435 0.007987711213517665 0.210752688172043 0.11766513056835638 0.0033794162826420895 0.0033794162826420895 0.004301075268817204 0.0015360983102918587 0.033794162826420886 0.00890937019969278 0.0015360983102918587 0.2854070660522274 0.018125960061443933 0.016282642089093705 0.0015360983102918587 0.007987711213517665 0.0890937019969278 0.004301075268817204 0.006144393241167435 0.023655913978494626 0.0052227342549923195 0.0033794162826420895 0.007987711213517665 0.006144393241167435 0.05222734254992319 
IT_1320.txt : 0.009057971014492754 0.01992753623188406 0.04166666666666667 0.04166666666666667 0.01992753623188406 0.014492753623188408 0.04166666666666667 0.12862318840579712 0.030797101449275364 0.009057971014492754 0.009057971014492754 0.01992753623188406 0.014492753623188408 0.025362318840579712 0.036231884057971016 0.009057971014492754 0.161231884057971 0.009057971014492754 0.009057971014492754 0.009057971014492754 0.04710144927536231 0.030797101449275364 0.014492753623188408 0.025362318840579712 0.01992753623188406 0.009057971014492754 0.009057971014492754 0.009057971014492754 0.009057971014492754 0.16666666666666669 
IT_1330.txt : 0.031073446327683617 0.014124293785310734 0.07344632768361581 0.014124293785310734 0.0480225988700565 0.02259887005649718 0.02259887005649718 0.18361581920903955 0.031073446327683617 0.031073446327683617 0.02259887005649718 0.031073446327683617 0.014124293785310734 0.07344632768361581 0.031073446327683617 0.014124293785310734 0.0480225988700565 0.02259887005649718 0.014124293785310734 0.02259887005649718 0.014124293785310734 0.031073446327683617 0.014124293785310734 0.014124293785310734 0.014124293785310734 0.014124293785310734 0.014124293785310734 0.02259887005649718 0.02259887005649718 0.07344632768361581 
IT_1340.txt : 0.002763957987838585 0.009397457158651189 0.06246545052515201 0.0044223327805417365 0.0044223327805417365 0.0044223327805417365 0.0044223327805417365 0.3228302929795467 0.04256495301271421 0.06246545052515201 0.002763957987838585 0.002763957987838585 0.007739082365948038 0.034273079049198456 0.002763957987838585 0.002763957987838585 0.205085682697623 0.0044223327805417365 0.002763957987838585 0.019347705914870093 0.0044223327805417365 0.050856826976229966 0.0044223327805417365 0.021006080707573243 0.04256495301271421 0.009397457158651189 0.006080707573244887 0.006080707573244887 0.002763957987838585 0.04754007739082366 
IT_1350.txt : 0.03333333333333333 0.03333333333333333 0.03333333333333333 0.03333333333333333 0.03333333333333333 0.03333333333333333 0.03333333333333333 0.03333333333333333 0.03333333333333333 0.03333333333333333 0.03333333333333333 0.03333333333333333 0.03333333333333333 0.03333333333333333 0.03333333333333333 0.03333333333333333 0.03333333333333333 0.03333333333333333 0.03333333333333333 0.03333333333333333 0.03333333333333333 0.03333333333333333 0.03333333333333333 0.03333333333333333 0.03333333333333333 0.03333333333333333 0.03333333333333333 0.03333333333333333 0.03333333333333333 0.03333333333333333 
IT_1360.txt : 0.0480225988700565 0.05649717514124294 0.02259887005649718 0.03954802259887006 0.10734463276836158 0.02259887005649718 0.031073446327683617 0.05649717514124294 0.014124293785310734 0.014124293785310734 0.02259887005649718 0.02259887005649718 0.014124293785310734 0.014124293785310734 0.02259887005649718 0.014124293785310734 0.05649717514124294 0.03954802259887006 0.02259887005649718 0.02259887005649718 0.014124293785310734 0.014124293785310734 0.02259887005649718 0.014124293785310734 0.014124293785310734 0.014124293785310734 0.0480225988700565 0.02259887005649718 0.014124293785310734 0.15819209039548024 
IT_1370.txt : 0.010256410256410258 0.006410256410256411 0.010256410256410258 0.01794871794871795 0.010256410256410258 0.006410256410256411 0.04487179487179487 0.23717948717948717 0.021794871794871797 0.010256410256410258 0.006410256410256411 0.021794871794871797 0.010256410256410258 0.041025641025641026 0.006410256410256411 0.010256410256410258 0.1564102564102564 0.025641025641025644 0.010256410256410258 0.014102564102564105 0.04487179487179487 0.021794871794871797 0.006410256410256411 0.006410256410256411 0.006410256410256411 0.021794871794871797 0.006410256410256411 0.01794871794871795 0.025641025641025644 0.1641025641025641 
IT_1380.txt : 0.007422402159244265 0.06612685560053981 0.009446693657219974 0.011470985155195682 0.011470985155195682 0.0033738191632928477 0.0155195681511471 0.1572199730094467 0.08636977058029689 0.0033738191632928477 0.007422402159244265 0.007422402159244265 0.007422402159244265 0.051956815114709856 0.009446693657219974 0.021592442645074223 0.23819163292847503 0.011470985155195682 0.007422402159244265 0.009446693657219974 0.017543859649122806 0.05398110661268556 0.011470985155195682 0.005398110661268557 0.047908232118758436 0.0033738191632928477 0.02564102564102564 0.007422402159244265 0.005398110661268557 0.07827260458839405 
IT_1390.txt : 0.006666666666666667 0.03916666666666666 0.03166666666666666 0.01916666666666667 0.011666666666666667 0.006666666666666667 0.004166666666666667 0.07916666666666666 0.029166666666666664 0.006666666666666667 0.004166666666666667 0.006666666666666667 0.01916666666666667 0.25416666666666665 0.004166666666666667 0.004166666666666667 0.06416666666666666 0.01916666666666667 0.009166666666666667 0.026666666666666665 0.05416666666666667 0.014166666666666668 0.004166666666666667 0.011666666666666667 0.004166666666666667 0.009166666666666667 0.006666666666666667 0.014166666666666668 0.004166666666666667 0.2316666666666667 
IT_140.txt : 0.008281573498964804 0.017598343685300208 0.017598343685300208 0.07971014492753624 0.005175983436853002 0.008281573498964804 0.005175983436853002 0.06728778467908902 0.02380952380952381 0.008281573498964804 0.005175983436853002 0.15113871635610765 0.005175983436853002 0.008281573498964804 0.005175983436853002 0.011387163561076606 0.02380952380952381 0.07660455486542443 0.014492753623188406 0.014492753623188406 0.048654244306418216 0.005175983436853002 0.008281573498964804 0.011387163561076606 0.02691511387163561 0.008281573498964804 0.005175983436853002 0.005175983436853002 0.011387163561076606 0.31262939958592134 
IT_1400.txt : 0.004558404558404559 0.011396011396011397 0.016524216524216522 0.02678062678062678 0.013105413105413105 0.013105413105413105 0.009686609686609686 0.21994301994301993 0.03361823361823362 0.007977207977207978 0.004558404558404559 0.002849002849002849 0.002849002849002849 0.13276353276353278 0.002849002849002849 0.006267806267806268 0.11396011396011396 0.014814814814814814 0.002849002849002849 0.004558404558404559 0.009686609686609686 0.0301994301994302 0.03532763532763533 0.0301994301994302 0.004558404558404559 0.002849002849002849 0.006267806267806268 0.011396011396011397 0.006267806267806268 0.21823361823361825 
IT_1410.txt : 0.007305936073059361 0.018264840182648404 0.06757990867579909 0.010045662100456623 0.010045662100456623 0.0319634703196347 0.012785388127853882 0.21278538812785389 0.018264840182648404 0.018264840182648404 0.034703196347031964 0.026484018264840183 0.004566210045662101 0.042922374429223746 0.021004566210045664 0.004566210045662101 0.05114155251141553 0.012785388127853882 0.007305936073059361 0.007305936073059361 0.004566210045662101 0.05388127853881279 0.012785388127853882 0.015525114155251143 0.004566210045662101 0.048401826484018265 0.026484018264840183 0.012785388127853882 0.012785388127853882 0.18812785388127856 
IT_1420.txt : 0.007597340930674265 0.0389363722697056 0.03608736942070275 0.013295346628679964 0.030389363722697054 0.027540360873694204 0.004748338081671415 0.1614434947768281 0.016144349477682812 0.007597340930674265 0.004748338081671415 0.004748338081671415 0.016144349477682812 0.04748338081671415 0.06742640075973409 0.024691358024691357 0.1557454890788224 0.02184235517568851 0.01899335232668566 0.010446343779677113 0.030389363722697054 0.04748338081671415 0.004748338081671415 0.030389363722697054 0.027540360873694204 0.004748338081671415 0.004748338081671415 0.010446343779677113 0.016144349477682812 0.10731244064577397 
IT_1430.txt : 0.010101010101010102 0.028282828282828285 0.04040404040404041 0.03434343434343434 0.028282828282828285 0.016161616161616165 0.016161616161616165 0.14949494949494951 0.03434343434343434 0.022222222222222223 0.010101010101010102 0.016161616161616165 0.010101010101010102 0.07676767676767676 0.03434343434343434 0.010101010101010102 0.08888888888888888 0.04040404040404041 0.028282828282828285 0.10707070707070708 0.010101010101010102 0.052525252525252523 0.022222222222222223 0.010101010101010102 0.010101010101010102 0.016161616161616165 0.016161616161616165 0.028282828282828285 0.010101010101010102 0.022222222222222223 
IT_1440.txt : 0.021194605009633914 0.03275529865125241 0.021194605009633914 0.009633911368015415 0.009633911368015415 0.015414258188824664 0.03853564547206166 0.1483622350674374 0.009633911368015415 0.021194605009633914 0.009633911368015415 0.009633911368015415 0.021194605009633914 0.0789980732177264 0.009633911368015415 0.009633911368015415 0.026974951830443163 0.026974951830443163 0.021194605009633914 0.021194605009633914 0.026974951830443163 0.021194605009633914 0.009633911368015415 0.03853564547206166 0.015414258188824664 0.021194605009633914 0.015414258188824664 0.009633911368015415 0.06165703275529865 0.21772639691714835 
IT_1450.txt : 0.03741496598639456 0.0782312925170068 0.017006802721088437 0.017006802721088437 0.017006802721088437 0.017006802721088437 0.017006802721088437 0.05782312925170068 0.017006802721088437 0.017006802721088437 0.017006802721088437 0.017006802721088437 0.017006802721088437 0.017006802721088437 0.017006802721088437 0.017006802721088437 0.0782312925170068 0.017006802721088437 0.0272108843537415 0.0782312925170068 0.0272108843537415 0.0272108843537415 0.017006802721088437 0.05782312925170068 0.017006802721088437 0.017006802721088437 0.017006802721088437 0.0272108843537415 0.04761904761904762 0.14965986394557823 
IT_1460.txt : 0.0041459369817578775 0.04145936981757878 0.014096185737976783 0.014096185737976783 0.00912106135986733 0.0041459369817578775 0.014096185737976783 0.15091210613598674 0.05140961857379768 0.00912106135986733 0.0041459369817578775 0.006633499170812605 0.00912106135986733 0.10364842454394693 0.011608623548922057 0.011608623548922057 0.20563847429519072 0.00912106135986733 0.0041459369817578775 0.024046434494195686 0.00912106135986733 0.08126036484245439 0.006633499170812605 0.006633499170812605 0.011608623548922057 0.006633499170812605 0.00912106135986733 0.006633499170812605 0.03150912106135986 0.1285240464344942 
IT_1470.txt : 0.008130081300813009 0.13008130081300814 0.008130081300813009 0.01788617886178862 0.013008130081300815 0.008130081300813009 0.06178861788617886 0.008130081300813009 0.10569105691056911 0.008130081300813009 0.01788617886178862 0.04227642276422764 0.013008130081300815 0.013008130081300815 0.032520325203252036 0.013008130081300815 0.06666666666666667 0.04715447154471544 0.008130081300813009 0.008130081300813009 0.01788617886178862 0.11544715447154472 0.07642276422764227 0.032520325203252036 0.008130081300813009 0.013008130081300815 0.01788617886178862 0.013008130081300815 0.06178861788617886 0.013008130081300815 
IT_1480.txt : 0.007610350076103501 0.0395738203957382 0.016742770167427704 0.0350076103500761 0.007610350076103501 0.007610350076103501 0.0350076103500761 0.030441400304414005 0.012176560121765602 0.007610350076103501 0.016742770167427704 0.007610350076103501 0.007610350076103501 0.2678843226788432 0.012176560121765602 0.007610350076103501 0.0578386605783866 0.007610350076103501 0.016742770167427704 0.012176560121765602 0.007610350076103501 0.016742770167427704 0.012176560121765602 0.007610350076103501 0.007610350076103501 0.007610350076103501 0.007610350076103501 0.021308980213089804 0.025875190258751905 0.2724505327245053 
IT_1490.txt : 0.00771604938271605 0.00771604938271605 0.01697530864197531 0.02160493827160494 0.01234567901234568 0.02623456790123457 0.02160493827160494 0.2623456790123457 0.00771604938271605 0.00771604938271605 0.01697530864197531 0.01697530864197531 0.00771604938271605 0.040123456790123455 0.04938271604938271 0.00771604938271605 0.10030864197530864 0.02623456790123457 0.0308641975308642 0.01234567901234568 0.02160493827160494 0.06327160493827161 0.00771604938271605 0.01234567901234568 0.02160493827160494 0.00771604938271605 0.01234567901234568 0.02160493827160494 0.0308641975308642 0.10030864197530864 
IT_150.txt : 0.010582010582010583 0.014550264550264551 0.06613756613756615 0.0582010582010582 0.026455026455026457 0.010582010582010583 0.01851851851851852 0.01851851851851852 0.03835978835978836 0.006613756613756614 0.2208994708994709 0.030423280423280425 0.006613756613756614 0.006613756613756614 0.010582010582010583 0.01851851851851852 0.046296296296296294 0.042328042328042326 0.05423280423280423 0.006613756613756614 0.010582010582010583 0.062169312169312166 0.062169312169312166 0.010582010582010583 0.03835978835978836 0.010582010582010583 0.01851851851851852 0.0582010582010582 0.006613756613756614 0.010582010582010583 
IT_1500.txt : 0.010224948875255624 0.06543967280163598 0.028629856850715747 0.010224948875255624 0.022494887525562373 0.010224948875255624 0.016359918200409 0.08384458077709611 0.010224948875255624 0.010224948875255624 0.016359918200409 0.1390593047034765 0.010224948875255624 0.022494887525562373 0.016359918200409 0.022494887525562373 0.08997955010224949 0.016359918200409 0.016359918200409 0.010224948875255624 0.022494887525562373 0.022494887525562373 0.07770961145194273 0.010224948875255624 0.016359918200409 0.016359918200409 0.022494887525562373 0.016359918200409 0.010224948875255624 0.15746421267893662 
IT_1510.txt : 0.006613756613756614 0.11772486772486773 0.014550264550264551 0.010582010582010583 0.010582010582010583 0.006613756613756614 0.010582010582010583 0.26851851851851855 0.010582010582010583 0.014550264550264551 0.010582010582010583 0.006613756613756614 0.010582010582010583 0.014550264550264551 0.006613756613756614 0.014550264550264551 0.08597883597883599 0.01851851851851852 0.01851851851851852 0.07804232804232805 0.014550264550264551 0.01851851851851852 0.014550264550264551 0.01851851851851852 0.03835978835978836 0.006613756613756614 0.026455026455026457 0.006613756613756614 0.02248677248677249 0.09788359788359789 
IT_1520.txt : 0.009061488673139158 0.012944983818770227 0.03236245954692557 0.009061488673139158 0.07508090614886731 0.045954692556634306 0.007119741100323625 0.003236245954692557 0.018770226537216828 0.23430420711974112 0.030420711974110032 0.11003236245954692 0.011003236245954694 0.011003236245954694 0.009061488673139158 0.016828478964401292 0.016828478964401292 0.012944983818770227 0.009061488673139158 0.011003236245954694 0.0051779935275080916 0.0051779935275080916 0.003236245954692557 0.10809061488673138 0.016828478964401292 0.03818770226537217 0.02459546925566343 0.09449838187702266 0.012944983818770227 0.0051779935275080916 
IT_1530.txt : 0.004578754578754579 0.007326007326007327 0.021062271062271064 0.07051282051282051 0.04029304029304029 0.007326007326007327 0.012820512820512822 0.09523809523809523 0.018315018315018316 0.11446886446886446 0.007326007326007327 0.023809523809523808 0.007326007326007327 0.10622710622710622 0.015567765567765568 0.010073260073260074 0.10897435897435896 0.023809523809523808 0.018315018315018316 0.04304029304029304 0.04029304029304029 0.023809523809523808 0.007326007326007327 0.029304029304029304 0.010073260073260074 0.010073260073260074 0.007326007326007327 0.004578754578754579 0.004578754578754579 0.10622710622710622 
IT_1540.txt : 0.006561679790026247 0.03805774278215223 0.06955380577427822 0.02230971128608924 0.014435695538057744 0.01837270341207349 0.014435695538057744 0.20341207349081364 0.06561679790026247 0.010498687664041996 0.006561679790026247 0.006561679790026247 0.014435695538057744 0.05774278215223097 0.026246719160104987 0.01837270341207349 0.1167979002624672 0.03412073490813648 0.06561679790026247 0.010498687664041996 0.006561679790026247 0.04199475065616798 0.010498687664041996 0.014435695538057744 0.01837270341207349 0.030183727034120734 0.02230971128608924 0.02230971128608924 0.006561679790026247 0.006561679790026247 
IT_1550.txt : 0.011065006915629323 0.011065006915629323 0.02351313969571231 0.09405255878284924 0.11894882434301522 0.019363762102351315 0.02351313969571231 0.08990318118948824 0.02351313969571231 0.011065006915629323 0.011065006915629323 0.011065006915629323 0.006915629322268327 0.06085753803596127 0.01521438450899032 0.01521438450899032 0.10235131396957124 0.019363762102351315 0.006915629322268327 0.011065006915629323 0.0318118948824343 0.027662517289073308 0.011065006915629323 0.006915629322268327 0.006915629322268327 0.006915629322268327 0.006915629322268327 0.011065006915629323 0.011065006915629323 0.19363762102351312 
